[Pulse_parameters]
trigdelay = 15.400000
cooltime = 6500.000000
dethardware = PMT
dettimepmt = 700.000000
dettimecamera = 1000.0
preptime = 20.000000
#probefreq = 109556.00
#probefreq = 110529
probefreq = 109791.044
probeamp = 4
probetime = 200.880000

[state_det_pmt]
t1 = 2
t2 = 15
errm1 = [[0.984, 0.016], [0.02266666666666667, 0.9773333333333332]]
errm2 = [[0.9733333333333334, 0.025333333333333333, 0.0013333333333333333], [0.03866666666666667, 0.8160000000000001, 0.14533333333333331], [0.0013333333333333333, 0.19466666666666668, 0.8039999999999999]]

[state_det_camera]
t1 = 851
t2 = 9
errm1 = [[0.9720000000000001, 0.028000000000000004], [0.044, 0.9560000000000001]]
errm2 = [[0.995, 0.005], [0.023, 0.9770000000000001]]

[ion_1]
clock1freq = 100014.979
clock1amp = 17
clock1time = 984.21
plus1freq = 109793.121
plus1amp = 16.00
plus1time = 64.58
minus1freq = 90222.036
minus1amp = 20.00
minus1time = 68.4
dressingP1amp = 60.086
dressingP1time = 17
dressingM1amp = 77.30
dressingM1time = 17
D1freq = 9777.770
D1amp = 2.00
D1time = 938.8
rf1freq = 9549.9
rf1amp = 140
rf1time = 6.9

[ion_2]
clock2freq = 100026.553
clock2amp = 17.00
clock2time = 829.55
plus2freq = 113001.694
plus2amp = 16.00
plus2time = 64
minus2freq = 87007.470
minus2amp = 20.00
minus2time = 68.4
dressingP2amp = 40.25
dressingP2time = 29.13
dressingM2amp = 33.20
dressingM2time = 29.13
D2freq = 12839.144
D2amp = 2.00
D2time = 1082.00
rf2freq = 12248.15
rf2amp = 20.000000
rf2time = 72.000000

[ion_s]
clocksfreq = 100017.341
clocksamp = 17
clockstime = 738.97
plussfreq = 110531.319
plussamp = 16
plusstime = 64
minussfreq = 89486.441
minussamp = 20.60
minusstime = 68.0
dressingPsamp = 33.2
dressingPstime = 32.12
dressingMsamp = 41.5
dressingMstime = 32.68
Dsfreq = 10513.7
Dsamp = 2
Dstime = 800.00


[sb_cooling]
comfreq = 221.069
strfreq = 382.902
eta = 0.00536
nbar = 55
pluscar1amp = 150
pluscar1time = 6.89
plusred1freq = 109417.6
plusred1amp = 150
plusred1time = 600
plusblue1freq = 110175.01
plusblue1amp = 80
plusblue1time = 668
Dcar1amp = 20
Dcar1time = 9.95
Dred1freq = 9394.782
Dred1amp = 70
Dred1time = 4500
Dblue1freq = 10160.60
Dblue1amp = 70
Dblue1time = 4500

[cddgate]
gatetime = 3109.92
symdet = 321.
asymdet1 = 0.
asymdet2 = 0.
drivephase = 0.
red1freq = 109410.3
red1amp = 61.5
red1time = 1000
blue1freq = 110175.938
blue1amp = 61.5
blue1time = 1000.
red2freq = 112618.544
red2amp = 63.5
red2time = 1000.
blue2freq = 113384.18
blue2amp = 63.5
blue2time = 1000
car1amp = 61.5
car1time = 16.72
car2amp = 63.5
car2time = 16.72
pitime = 10.
pi1amp = 200.
pi2amp = 200.


[spinspingate]
gatetime = 15500.0
pstime = 20.00
clock1time = 758.90
clock1amp = 200
clock2time = 740
clock2amp = 115
D1time = 1077.3
D1amp = 2.00
D2time = 922.6
D2amp = 2.00
dressingP1time_map = 21.34
dressingP1amp_map = 58.60
dressingM1time_map = 21.42
dressingM1amp_map = 44.54
dressingP2time_map = 23.07
dressingP2amp_map = 52.75
dressingM2time_map = 23.26
dressingM2amp_map = 42.15
dressingP1time_gate = 23.73
dressingP1amp_gate = 51.87
dressingM1time_gate = 23.2
dressingM1amp_gate = 40.50
dressingP2time_gate = 23.24
dressingP2amp_gate = 50.37
dressingM2time_gate = 23.2
dressingM2amp_gate = 41.68


[msgate]
freqmode = "STR"
comfreq = 221.315
OmRF = 66.6
msloops = 1
strfreq = 0
gatetime = 2125
symdet = 0.353
asymdet1 = 0.252
asymdet2 =  0.426
clock1amp = 8.0000
clock1time = 643.99
clock2amp = 9.0000
clock2time = 647.00
Dstark1time = 4488.8
Dstark1amp = 0.500000
Dstark2time = 4488
Dstark2amp = 0.5
D1time = 4488.8
D1amp = 0.500
D2time = 4488.8
D2amp = 0.5000000
dressingP1time = 33.1
dressingP1amp = 34.65
dressingM1time = 33.1
dressingM1amp = 29.25
dressingP2time = 31.2
dressingP2amp = 39.08
dressingM2time = 31.2
dressingM2amp = 33.40
red1amp = 150.00
#red1amp = 107
red1time = 7.50
blue1amp = 150.00
#blue1amp = 107
blue1time = 7.50
red2amp = 160.00
#red2amp = 112.5
red2time = 7.50
blue2amp = 160.00
#blue2amp = 112.5
blue2time = 7.50









