[Pulse_parameters]
trigdelay = 15.400000
cooltime = 6500.000000
dettime = 700.000000
preptime = 20.000000
probetime = 200.000000
probefreq = 110403.760000

[ion_1]
clockfreq1 = 100012.740000
clockamp1 = 120.000000
clocktime1 = 576.000000
plusfreq1 = 109036.640000
plusamp1 = 50.000000
plustime1 = 138.000000
dressingPamp1 = 190.000000
dressingPtime1 = 39.400000
minusfreq1 = 90976.070000
minusamp1 = 42.000000
minustime1 = 120.000000
dressingMamp1 = 137.340000
dressingMtime1 = 40.000000
Dfreq1 = 9023.770000
Damp1 = 2.000000
Dtime1 = 1053.000000
rffreq1 = 9053.135000
rfamp1 = 20.000000
rftime1 = 70.000000

[ion_2]
clockfreq2 = 100023.580000
clockamp2 = 120.000000
clocktime2 = 576.000000
plusfreq2 = 112255.680000
plusamp2 = 50.000000
plustime2 = 132.000000
dressingPamp2 = 200.000000
dressingPtime2 = 27.000000
minusfreq2 = 87767.660000
minusamp2 = 42.000000
minustime2 = 122.000000
dressingMamp2 = 158.000000
dressingMtime2 = 27.000000
Dfreq2 = 12232.080000
Damp2 = 2.000000
Dtime2 = 1076.000000
rffreq2 = 12249.637000
rfamp2 = 20.000000
rftime2 = 72.000000

[ion_s]
clockfreqs = 100014.630000
clockamps = 70.000000
clocktimes = 1121.000000
plusfreqs = 111572.500000
plusamps = 31.000000
plustimes = 120.000000
minusfreqs = 88420.800000
minusamps = 29.300000
minustimes = 90.000000
Dfreqs = 12453.971366
Damps = 0.230000
Dtimes = 751.000000

[state_detection]
t1 = 1.000000
t2 = 9.000000
errM1 = "{{0.984, 0.176}, {0.013, 0.822}}"
errM2 = "{0.983, 0.076, 0.004}, {0.014, 0.8, 0.213}, {0., 0.122, 0.782}"
gatedet = 0.505000
symdet = -0.105000
symdetstep = 0.000000
asymdet1 = 0.525000
asymdet2 = 0.830000
stark21 = 0.525000
stark22 = 0.830000
g1 = 10572.836000
g2 = 11496.725000
g3 = 13403.604000
g4 = 14327.493000
ion1amp = 12.100000
ion2amp = 10.900000
gatetime = 1980.000000
Population = 100.000000
Fidelity = 100.000000

[sideband_cooling]
modefreq = 0.000000
repumptime = 8.000000
redplustime1 = 500.000000
redplusamp1 = 400.000000
redplusfreq1 = 108608.000000
blueplustime1 = 2000.000000
blueplusamp1 = 200.000000
blueplusfreq1 = 109466.000000
redDtime1 = 1757.000000
redDamp1 = 140.000000
redDfreq1 = 8591.800000
blueDtime1 = 1757.000000
blueDamp1 = 140.000000
blueDfreq1 = 9452.700000

[spinspingate]
Jcoupling = 0.000000    
SSgatetime = 16000.000000    
gateDtime1 = 1065.000000    
gateDamp1 = 2.000000    
gateDtime2 = 1065.000000    
gateDamp2 = 2.000000    
gateplustime1 = 35.500000    
gateplusamp1 = 220.000000    
gateminustime1 = 35.500000    
gateminusamp1 = 161.800000    
gateplustime2 = 35.500000    
gateplusamp2 = 208.000000    
gateminustime2 = 35.500000    
gateminusamp2 = 158.450000    
gateplustime1_2 = 62.000000    
gateplusamp1_2 = 127.000000    
gateminustime1_2 = 67.000000    
gateminusamp1_2 = 92.000000    
gateplustime2_2 = 35.000000    
gateplusamp2_2 = 208.000000    
gateminustime2_2 = 35.000000    
gateminusamp2_2 = 159.500000    

[ion_1p1]
clockfreq = 100019.046000
clockamp = 4.000000
plusfreq = 111053.300000
plusamp = 26.000000
minusfreq = 88966.100000
minusamp = 25.900000
Dfreq = 11033.877000
Damp = 0.240000

[ion_1p2]
clockfreq = 100022.872000
clockamp = 3.700000
plusfreq = 112065.650000
plusamp = 26.000000
minusfreq = 87957.400000
minusamp = 25.900000
Dfreq = 12042.584000
Damp = 0.220000

[ion_2p1]
clockfreq = 100030.204000
clockamp = 4.000000
plusfreq = 113896.900000
plusamp = 37.000000
minusfreq = 86133.900000
minusamp = 37.400000
Dfreq = 13866.155000
Damp = 0.217000

[ion_2p2]
clockfreq = 100034.830000
clockamp = 3.700000
plusfreq = 114897.920000
plusamp = 37.000000
minusfreq = 85137.700000
minusamp = 37.600000
Dfreq = 14862.552000
Damp = 0.208000