[Pulse_parameters]
trigdelay = 15.400000
cooltime = 6500.000000
dethardware = PMT
dettimepmt = 700.000000
dettimecamera = 1000.0
preptime = 20.000000
probefreq = 109625.040000
#probeamp = 32.000000
probeamp = 15
probetime = 350.880000

[state_det_pmt]
t1 = 2
t2 = 13
errm1 = [[0.98099999999999998, 0.019], [0.032000000000000001, 0.96800000000000008]]
errm2 = [[0.97899999999999998, 0.021000000000000005, 0.0], [0.035999999999999997, 0.83299999999999996, 0.13100000000000001], [0.001, 0.19500000000000001, 0.80400000000000005]]

[state_det_camera]
t1 = 851
t2 = 9
errm1 = [[0.9939999999999997, 0.006000000000000082], [0.0020000000000000412, 0.998]]
errm2 = [[0.995, 0.005], [0.023, 0.9770000000000001]]

[ion_1]
clock1freq = 100014.450000
clock1amp = 200.0000
clock1time = 462.770000
plus1freq = 109623.89000
plus1amp = 40.000000
plus1time = 120.06000
#plus1time = 320
minus1freq = 90390.290000
minus1amp = 20.000000
minus1time = 178.280
dressingP1amp = 150.000000
dressingP1time = 37.290000
dressingM1amp = 112.540000
dressingM1time = 37.39000
D1freq = 9609.490000
D1amp = 2.000000
D1time = 1082.410000

[ion_2]
clock2freq = 100025.95
clock2amp = 200.000000
clock2time = 426.573
plus2freq = 112860.64000
plus2amp = 40.000000
plus2time = 120.2400000
minus2freq = 87165.110000
minus2amp = 20.000000
minus2time = 178.73000000
dressingP2amp = 111.000000
dressingP2time = 47.3200000
dressingM2amp = 83.540000
dressingM2time = 46.920000
d2freq = 12834.640000
d2amp = 2.000000
d2time = 1082.000000
rf2freq = 12249.637000
rf2amp = 20.000000
rf2time = 72.000000

[ion_s]
clocksfreq = 100019.340000
clocksamp = 120.000000
clockstime = 675.000000
plussfreq = 111110.540000
plussamp = 40.000000
plusstime = 135.000000
minussfreq = 88907.600000
minussamp = 50.300000
minusstime = 90.000000
dfreqs = 12453.971366
damps = 0.230000
dtimes = 751.000000


[sideband]
comfreq = 220.4
stretchfreq = 381.7
eta = 0.0179
nbar = 80
car1amp = 250
car1time = 23.91
red1freq = 109241.85 
#red1freq = 109241.51 #str
red1amp = 250
#red1time = 46.02
#red1time = 80
red1time = 1700
#red1time = 300
#blue1freq = 110006.35
blue1freq = 110006.35
blue1amp = 250
blue1time = 23.91

[spinspingate]
jcoupling = 0.000000
gatetime = 2000.000000
clock1time = 758.90
clock1amp = 200
clock2time = 740
clock2amp = 115
D1time = 1077.360000
D1amp = 2.000000
D2time = 1077.000000
D2amp = 2.000000
dressingP1time_map = 88.000
dressingP1amp_map = 56.900000
dressingM1time_map = 88.540000
dressingM1amp_map = 41.550000
dressingP2time_map = 88.200
dressingP2amp_map = 50.700000
dressingM2time_map = 88.17000
dressingM2amp_map = 35.8160000
dressingP1time_gate = 45.660000
dressingP1amp_gate = 149.2000
dressingM1time_gate = 45.340000
dressingM1amp_gate = 104.30000
dressingP2time_gate = 48.0000
dressingP2amp_gate = 152.880000
dressingM2time_gate = 45.440000
dressingM2amp_gate = 105.2

[msgate]
freqmode = "STR"
strfreq = 420.000
streta = 0.017
comfreq = 220.000
cometa = 0.017
gatetime = 2000.000000
symdet = 0.000
asymdet1 = 0.000
asymdet2 = 0.000
clock1time = 758.90
clock1amp = 200
clock2time = 740
clock2amp = 115
D1time = 1077.360000
D1amp = 2.000000
D2time = 1077.000000
D2amp = 2.000000
dressingP1time = 45.660000
dressingP1amp = 149.2000
dressingM1time = 45.340000
dressingM1amp = 104.30000
dressingP2time = 48.0000
dressingP2amp = 152.880000
dressingM2time = 45.440000
dressingM2amp = 105.2
rf1amp = 0.00
rf1time = 0.00
rf2amp = 0.00
rf2time = 0.00
red1amp = 13.00
red1time = 0.00
blue1amp = 13.00
blue1time = 0.000
red2amp = 13.00
red2time = 0.00
blue2amp = 13.00
blue2time = 0.000









