[Pulse_parameters]
trigdelay = 15.400000
cooltime = 6500.000000
dethardware = PMT
dettimepmt = 700.000000
dettimecamera = 1000.0
preptime = 20.000000
probefreq = 109645.00
probeamp = 4
probetime = 300.880000

[state_det_pmt]
t1 = 2
t2 = 15
errm1 = [[0.98099999999999998, 0.019], [0.032000000000000001, 0.96800000000000008]]
errm2 = [[0.968, 0.031, 0.001], [0.044, 0.8760000000000001, 0.08], [0.002, 0.202, 0.7960000000000003]]

[state_det_camera]
t1 = 851
t2 = 9
errm1 = [[0.9939999999999997, 0.006000000000000082], [0.0020000000000000412, 0.998]]
errm2 = [[0.995, 0.005], [0.023, 0.9770000000000001]]

[ion_1]
clock1freq = 100014.45
clock1amp = 8.00
clock1time = 686.5
plus1freq = 109644.09
plus1amp = 8.00
plus1time = 140.2
minus1freq = 90370.65
minus1amp = 8.00
minus1time = 117.4
dressingP1amp = 40.25
dressingP1time = 29.13
dressingM1amp = 33.20
dressingM1time = 29.13
D1freq = 9629.312
D1amp = 2.00
D1time = 1082.8

[ion_2]
clock2freq = 100025.95
clock2amp = 9.00
clock2time = 685.1
plus2freq = 112865.24
plus2amp = 8.00
plus2time = 140.2
minus2freq = 87160.69
minus2amp = 8.00
minus2time = 117.4
dressingP2amp = 40.25
dressingP2time = 29.13
dressingM2amp = 33.20
dressingM2time = 29.13
D2freq = 12839.144
D2amp = 2.00
D2time = 1082.00
rf2freq = 12248.15
rf2amp = 20.000000
rf2time = 72.000000

[ion_s]
clocksfreq = 100019.34
clocksamp = 120.00
clockstime = 675.0
plussfreq = 111110.54
plussamp = 40.00
plusstime = 135.0
minussfreq = 88907.60
minussamp = 50.30
minusstime = 90.0
Dfreqs = 12453.971
Damps = 0.23
Dtimes = 751.00


[sb_cooling]
comfreq = 221.315
strfreq = 383.138
eta = 0.00545
nbar = 55
pluscar1amp = 120
pluscar1time = 9.95
plusred1freq = 109264.45
plusred1amp = 120
plusred1time = 1826
plusblue1freq = 110023.71
plusblue1amp = 120
plusblue1time = 1826
Dcar1amp = 20
Dcar1time = 9.95
Dred1freq = 9248.18
Dred1amp = 140
Dred1time = 2500
Dblue1freq = 100102.68
Dblue1amp = 140
Dblue1time = 2500

[spinspingate]
gatetime = 15500.0
pstime = 20.00
clock1time = 758.90
clock1amp = 200
clock2time = 740
clock2amp = 115
D1time = 1077.3
D1amp = 2.00
D2time = 922.6
D2amp = 2.00
dressingP1time_map = 21.34
dressingP1amp_map = 58.60
dressingM1time_map = 21.42
dressingM1amp_map = 44.54
dressingP2time_map = 23.07
dressingP2amp_map = 52.75
dressingM2time_map = 23.26
dressingM2amp_map = 42.15
dressingP1time_gate = 23.73
dressingP1amp_gate = 51.87
dressingM1time_gate = 23.2
dressingM1amp_gate = 40.50
dressingP2time_gate = 23.24
dressingP2amp_gate = 50.37
dressingM2time_gate = 23.2
dressingM2amp_gate = 41.68


[msgate]
freqmode = "STR"
comfreq = 221.315
OmRF = 66.6
msloops = 1
gatetime = 2125
symdet = 0.353
asymdet1 = 0.252
asymdet2 =  0.426
clock1amp = 8.0000
clock1time = 643.99
clock2amp = 9.0000
clock2time = 647.00
Dstark1time = 4488.8
Dstark1amp = 0.500000
Dstark2time = 4488
Dstark2amp = 0.5
D1time = 4488.8
D1amp = 0.500
D2time = 4488.8
D2amp = 0.5000000
dressingP1time = 33.1
dressingP1amp = 34.65
dressingM1time = 33.1
dressingM1amp = 29.25
dressingP2time = 31.2
dressingP2amp = 39.08
dressingM2time = 31.2
dressingM2amp = 33.40
red1amp = 150.00
#red1amp = 107
red1time = 7.50
blue1amp = 150.00
#blue1amp = 107
blue1time = 7.50
red2amp = 160.00
#red2amp = 112.5
red2time = 7.50
blue2amp = 160.00
#blue2amp = 112.5
blue2time = 7.50









