[Pulse_parameters]
trigdelay = 15.400000
cooltime = 6500.000000
dethardware = PMT
dettimepmt = 700.000000
dettimecamera = 1000.0
preptime = 20.000000
probefreq = 110963.00
probeamp = 4
probetime = 300.880000

[state_det_pmt]
t1 = 3
t2 = 16
errm1 = [[0.98099999999999998, 0.019], [0.032000000000000001, 0.96800000000000008]]
errm2 = [[0.9700000000000001, 0.028000000000000004, 0.002], [0.02, 0.8320000000000001, 0.14800000000000002], [0.002, 0.208, 0.7900000000000003]]

[state_det_camera]
t1 = 851
t2 = 9
errm1 = [[0.9939999999999997, 0.006000000000000082], [0.0020000000000000412, 0.998]]
errm2 = [[0.97, 0.029000000000000005, 0.001], [0.024, 0.829, 0.14700000000000002], [0.002, 0.134, 0.8640000000000002]]

[ion_1]
clock1freq = 100018.830
clock1amp = 8.00
clock1time = 729.34
plus1freq = 110961.536
plus1amp = 8.00
plus1time = 140.2
minus1freq = 89057.227
minus1amp = 8.00
minus1time = 117.4
dressingp1amp = 40.05
dressingp1time = 29.13
dressingm1amp = 33.40
dressingm1time = 29.13
d1freq = 10942.617
d1amp = 2.00
d1time = 1072.94

[ion_2]
clock2freq = 100030.562
clock2amp = 9.00
clock2time = 705.17
plus2freq = 113949.911
plus2amp = 8.00
plus2time = 140.2
minus2freq = 86080.465
minus2amp = 8.00
minus2time = 117.4
dressingp2amp = 40.25
dressingp2time = 29.13
dressingm2amp = 33.20
dressingm2time = 29.13
d2freq = 13919.306
d2amp = 2.00
d2time = 977.00
rf2freq = 12248.15
rf2amp = 20.000000
rf2time = 72.000000

[ion_s]
clocksfreq = 100019.34
clocksamp = 120.00
clockstime = 675.0
plussfreq = 111110.54
plussamp = 40.00
plusstime = 135.0
minussfreq = 88907.60
minussamp = 50.30
minusstime = 90.0
dfreqs = 12453.971
damps = 0.23
dtimes = 751.00

[sb_cooling]
comfreq = 248.277
strfreq = 430.129
eta = 0.00451
nbar = 55
pluscar1amp = 120
pluscar1time = 9.78
plusred1freq = 110535.00
plusred1amp = 120
plusred1time = 1826
plusblue1freq = 110024.96
plusblue1amp = 120
plusblue1time = 1826
dcar1amp = 20
dcar1time = 9.95
dred1freq = 9201.35
dred1amp = 140
dred1time = 3000
dblue1freq = 11372.746
dblue1amp = 140
dblue1time = 3000

[spinspingate]
gatetime = 15500.0
d1time = 1077.3
d1amp = 2.00
d2time = 922.6
d2amp = 2.00
dressingp1time_map = 21.34
dressingp1amp_map = 58.60
dressingm1time_map = 21.42
dressingm1amp_map = 44.54
dressingp2time_map = 23.07
dressingp2amp_map = 52.75
dressingm2time_map = 23.26
dressingm2amp_map = 42.15
dressingp1time_gate = 23.73
dressingp1amp_gate = 51.87
dressingm1time_gate = 23.2
dressingm1amp_gate = 40.50
dressingp2time_gate = 23.24
dressingp2amp_gate = 50.37
dressingm2time_gate = 23.2
dressingm2amp_gate = 41.68

[msgate]
freqmode = "STR"
comfreq = 248.367
strfreq = 430.129
omrf = 58.34
msloops = 1
gatetime = 2900
pstime = 20
theta0 = 0
symdet = 0.210
asymdet1 = 0.190
asymdet2 = 0.385
clock1amp = 8.0000
clock1time = 673.40
clock2amp = 9.0000
clock2time = 652.1
dstark1time = 4488.8
dstark1amp = 0.500000
dstark2time = 4488
dstark2amp = 0.5
d1time = 4325.8
d1amp = 0.500
d2time = 3915
d2amp = 0.5000000
dressingp1time = 23.8
dressingp1amp = 49.00
dressingm1time = 23.8
dressingm1amp = 40.50
dressingp2time = 24
dressingp2amp = 51.90
dressingm2time = 24
dressingm2amp = 42.97
red1amp = 156.60
red1time = 6.8
blue1amp = 156.60
blue1time = 6.8
red2amp = 139.10
red2time = 6.8
blue2amp = 139.10
blue2time = 6.8

[globallogic]
shuttletime = 0.0
p2_clock1freq = 0.0
p2_plus1freq = 0.0
p2_minus1freq = 0.0
p2_d1freq = 0.00
p2_clock2freq = 0.0
p2_plus2freq = 0.0
p2_minus2freq = 0.0
p2_d2freq = 0.00
p1_dressingp1amp = 0.0
p1_dressingp1time = 0.0
p1_dressingm1amp = 0.0
p1_dressingm1time = 0.0
p1_dressingp2amp = 0.0
p1_dressingp2time = 0.0
p1_dressingm2amp = 0.0
p1_dressingm2time = 0.0
p2_dressingp1amp = 0.0
p2_dressingp1time = 0.0
p2_dressingm1amp = 0.0
p2_dressingm1time = 0.0
p2_dressingp2amp = 0.0
p2_dressingp2time = 0.0
p2_dressingm2amp = 0.0
p2_dressingm2time = 0.0

